Sr	Status	CR16	CR17	CR18	CR20	CR21	CR22	CR23	CR24	CR25	CR26	CR31	CR34	CR36	CR42	CZR38	CR56	CZR49	CR63	CR64	CR65	CR66	CR68	CZR56	CR72	CR73	CR82	CR83
30000	Current	1	4	1	3	3	3	1	2	1	4	2	2	4	1	1	4	2	3	2	2	3	1	2	1	1	4	1
30001	Current	1	1	1	3	3	1	2	2	2	4	2	1	4	1	5	6	2	2	2	1	2	1	3	2	3	4	1
30003	Current	3	3	2	3	3	1	3	3	3	4	2	2	3	1	2	6	2	4	3	2	3	3	4	2	2	3	1
30004	Current	1	4	1	2	2	2	2	2	3	3	2	2	3	1	2	3	2	4	3	2	3	2	3	2	2	5	1
30008	Current	1	3	2	3	3	3	2	2	3	4	2	3	4	1	5	6	1	3	2	2	3	2	3	2	2	5	2
30013	Current	2	4	2	1	3	1	2	2	3	4	4	3	4	4	2	3	2	3		2	3	2	3	2	1	4	1
30017	Current	2	4	2	1	1	1	1	1	2	1	4	4	1	5	5	6	3	4	2	1	2	1	2	1	2	1	2
30018	Current	2	4	2	1	1	1	1	1	3	1	4	4	1	5	5	6	3	4	2	1	2	1	2	1	2	1	2
30019	Current	1	4	2	3	3	1	3	3	2	3	3	2	3	2	3	6	3	4	2	2	3	2	3	2	1	3	2
30035	Current	3	3	2	3	3	2	2	2	2	4	2	2	4	5	3	3	2	2	2	1	2	2	1	2	3	3	2
30036	Current	1	3	2	3	3	2	1	1	3	4	3	3	2	1	5	6	2	3	2	2	3	3	3	2	1	3	2
30037	Current	2	4	1	3	3	1	2	2	3	4	3	2	4	3	3	6	2	3	3	2	3	2	3	2	2	3	2
30039	Current	2	3	1	3	3	2	3	3	3	4	2	1	3	4	3	3	2	2	2	1	2	2	1	2	3	3	2
30045	Current	2			3	3	1	3	3	3	4	3	2	4	5	5	6	2	3	2	2	2	2	3	2	1	5	1
30046	Current	2	3	1	3	3	1	3	3	3	4	2	3	3	5	4	3	2	4	2	1	3	3	4	2	3	5	1
30047	Current	3	3	1	3	3	3	3	3	3	4	2	2	3	5	5	6	2	3	2	2	4			2	1	6	1
30051	Current	3	3	1	1	1	1	1	2	2	4	4	3	2	2	5	6	2	3	2	2	4	1	1	2	3	5	2
30055	Current	1	3	1	3	3	3	3	3	3	4	2	1	4	1	3	6	2	2	3	2	4	2	2	2	1	5	2
30057	Current	1	4	1	3	3	3	3	2	2	4	3	2	3	1	4	6	1	3	2	1	3	2	3	2	3	5	2
30059	Current	3	1	1	3	3	1	1	1	2	1	3	3	4	4	3	6	2	2	2	1	2	2	2	2	1	5	2
30061	Current	1			1	1	1	1	1	3	3	3	2	4	1	4	6	2	4	2	2	2	2	3	2	3	6	2
30066	Current	1	4	1	3	1	1	3	3	2	4	3	3	4	1	5	6	2	4	3	2	4	3	4	2	1	5	2
30068	Current	3	3	1	3	3	1	3	2	2	4	2	2	4	1	3	5	3	4	3	2	4	3	4	2	1	5	2
30076	Current	1	4	1	3	1	1	3	1	2	4	2	2	4	1	2	6	2	3	3	2	4	3	3	2	2	4	1
30094	Current	1	3	1	2	2	1		2	1	3	2	2	3	1	4	5	2	4	2	2	3	2	3	2	2	3	2
30137	Current	1	4	1	3	3	1	2	2	2	4	4	4	4	1	5	6	3	4	3	2	4	3	3	1	2	5	2
30160	Current	3	4	1	3	3	1	3	2	1	4	2	1	1	5	5	6	1	2	2	2	3	2	4	2	2	3	2
30181	Current	4	4	1	3	3	1	3	3	3	4	3	2	4	2	4	6	3	3	3	1	4	3	3	2	2	5	2
30182	Current	1	3	1	3	3	1	3	3	2	4	3	1	4	1	3	6	1	3	3	2	4	3	3	2	2	6	2
30191	Current	2	4	1	3	2	1	3	2	2	4	3	3	4	1	4	6	2	3	3	2	4	3	3	2	1	4	1
30228	Current	3	3	2	1	1	1	3	1	2	4	3	2	3	1	5	4	2	3	2	1	2	3	3	2	3	5	1
30238	Current	1	4	1	3	1	1	2	2	3	4	3	1	4	1	3	2	3	4	2	2	4	2	3	2	1	4	2
30239	Current	3	3	1	3	3	1	1	2	2	4	3	1	4	4	5	6	2	1	3	2	3	3	1	1	1	4	2
30240	Current	3	4	1	3	3	1	3	3	2	4	3	3	3	2	5	3	1	3	2	2	3	1	3	1	1	4	2
30249	Current		3	2	3	3	1	3	3	1	4	2	3	3	1	5	6	2	3	2	2	2	3	3	2	1	3	1
30253	Current	3	3	2	3	3	2	2	2	3	4	2	2	4	1	2	6	1	4	3	2	3	2	2	2	1	4	1
30276	Current	1	3	1	3	3	1	2	2	1	4	3	3	2	1	2	3	1	2	2	2	3	2	4	2	1	3	1
30280	Current	1	4	1	3	3	1	3	3	3			3	4	1	5	6	2	3	2	2	4	3	3	2	1	5	1
30281	Current	3	4	1	3	3	3	3	3	3	3	3	2	3	5	5		2	3	2	2	2	2	3	2	1	5	1
30282	Current	1	3	2	3	1	1	2	1	1	4	2	1	4	1	5	6	1	2	1	2	1	1	4	2	3	6	2
30283	Current		3	2	3	3	1	2	1	2	4	2	1	4	2	5	6	1	4	1	1	1	3	4	2	3	4	2
30293	Current	1	3	1	3	3	1	3	2	2	4	3	1	4	1	3		3	4		1	1	3	4	2	1	5	2
30294	Current	1	3	1	3	3	1	2	2	3	4	2	2	4	1	4	3	1	3	3	2	2	2	3	2	1	5	2
30297	Current	1	4	1	3	3	3	2	2	3	4	2	2	4	1	1	6	2	3	2	2	4	3	3	2	1	5	2
30298	Current	1	4	1	3	3	1	1	3	3	4	3	2	4	1	5	5	1	4	2	2	4	1	3	2	1	5	2
30304	Current	3	3	1	1	3	1	3	2	2	4	2	1	4	1	5	6	1	2	2	2	2	2	2	2	1	4	1
30305	Current	1	3	2	3	3	2	3	3	3	4	3	3	4	1	5		3	3	2	1	2	2	3	2	1	4	1
30311	Current	1	3	1	3	3	3	3	3		4	2	2	4	1	5	3	1	3	3	2	4	3	3	2	1	4	2
30318	Current	2	3	2	3	3	1	3	1	3	3	3	4	1	2	5	6	2	1	3	2	4	2	4	2	1	4	1
30323	Current	2	3	1	3	3	1	3	3	3	4	3	3	2	4	3	6	3	3	2	2	3	3	4	2	1	4	2
30325	Current	3	3	1	1	3	3	3	3	3	3	2	2	3	1	2	5	2	3	2	2	3	2	3	2	1	4	2
30335	Current	3	3	1	3	3	3	1	1	3	4	3	2	3	4	2	6	3	4	3	2	3	2	2	2	2	6	2
30336	Current	4	3	1	1	1	3	2	2	2	4	2	2	4	3	5	3	1	3	2	2	2	2	2	2	1	5	2
30337	Current	3	3	1	3	3	1	2	2	2	4	2	2	4	2	3	3	1	3	2	2	4	3	3	2	1	5	2
30338	Current	2	4	1	3	3	1	1	3	2	3	3	2	3	4	4	6	1	3	3	2	4	3	3	2	1	5	2
30344	Current	2		1	1	3	3	3	3	3	3	3	3	1	5	5	3	2	4	3	2	4	3	4	2	1	4	2
30346	Current	4	3	2	1	1	1	2	2	3	3	3	1	3	5	5	3	3	4	3	2	3	2	3	2	1	4	1
30347	Current	1	4	1	1	1	1	3	2	2	4	3	1	4	1	5	6	1	3	2	2	1	2	3	2	1	3	1
30349	Current	3	3	1	3	3	1	3	3	3	4	2	2	3	1	3	3	1	4	2	2	3		4	2	3	3	2
30355	Current	1	3	1	3	3	1	3	1	3	3	3	3	3	2	5	4	2	3	2	1	2	2	4	2	1	7	1
30369	Current	2	4	1	3	3	1	3	2	2	4	3	2	4	5	4	4	1	3	3	1	4	2	4	2	1	4	1
30370	Current	4	3	1	3	3	1	3	3	3	4	2	2	4	5	3	4	3	3	3	2	4	2	2	2	1	5	1
30371	Current	3	4	1	3	3	1	3	2	3	4	3	3	4	5	5	6	2	2	2	1	3	2	2	1	1	5	1
30377	Current	2	4	1	3	3	1	3	3	2	4	3	2	4	5	5	5	1	2	1	1	3	1	2	1	1	5	2
30378	Current	2	3	2	3	3	1	3	3	1	4	3	3	4	5	3	6	2	3	3	2	3	2	3	2	3	3	2
30379	Current	2	4	1	3	3	1	2	2	2	4	3	3	4	5	4	2	2	3	2	2	2	3	3	2	2	4	2
30380	Current	3	3	2	3	3	1	2	2	2	4	3	4	4	1	4	6	3	3	3	2	4	3	3	2	1	4	2
30381	Current	2	4	1	1	1	1	2	2	2	4	4	1	1	3	5	6	2	3	3	1	3	2	2	2	1	4	2
30385	Current	2	3	1	1	3	3	1	2	2	4	4	2	4	5	5	6	2	4	2	1	3	3	3	2	1	3	1
30390	Current	1	4	1	3	3	1	3	3	2	4	3	1	3	1	3	6	1	3	3	2	4	2	4	1	1	5	1
30400	Current	4	1	2	3	3	1	3	3	2		4	3	3	2	2	3	3	3	2	1	2	3	1	2		6	2
30407	Current		1	1	3	3	2	3	3	3	3	2	3	4	1	3	3	2	3	3	1	2	2	3	2	3		1
30408	Current	4	4	2	3	3	1	3	2	3	4	2	3	3	5	2	6	1	3	2	2	2	2	3	2	3	6	2
30409	Current	4	4	1	3	3	1	3	2	3	4	3	1	4	5	5	3	1	3	2	1	3	2	3	2	1	5	2
30413	Current	1	4	1	3	1	1	2	2	3	3	4	1	4	1	5	6	2	4	2	2	4	3	2	2	1	5	1
30414	Current	2	4	2	3	3	1	1	1	2	1	4	1	1	5	5	6	3	4	2	1	2	1	2	1	2	1	1
30415	Current	1	4	2	1	2	1	2	2	3	1	4	1	1	5	5	6	1	4	2	2	4	1	4	1	2		1
30419	Current	2	3	2	1	1	1	1	1	2	4	2	2	3	5	5	6	2	3	3	2	3	2	3	2	3	4	2
30433	Current	1	4	2	3	3	1	3	1	3	4	3	2	4	1	1	6	3	3	2	1	3	2	3	1	3	4	1
30435	Current		3	1	3	3	1	3	3	3	4	2	3	2	1	4	6	2	3	3	2	3	3	3	2	1	4	1
30437	Current	4	4	1	3	2		1	2	1	1	2			1	1	4	1	3	2	2	3	2	1		1	4	1
30438	Current	3	3	1	3	3	1	2	1	3	4	3	1	4	5	3	6	3	4	3	2	4	3	4	2	1	4	1
30442	Current	2	2	1	1	1	2	2	2	3	4	3	1	3	2	1	6	2	3	2	2	1	3	4	2	1	6	2
30444	Current	2	3	1	3	3	3	3	2	2	4	2	1	3	2	2	3	2	3	3	2	4	2	4	2	1	4	2
30461	Current	2	3	1	3	3	1	3	3	3	4	3	4	3	5	5	6	3	3	2	1	2	1	2	2	1	5	1
30462	Current	3	4	1	3	3	3	3	3	3	3	3	3	3	2	5	6	2	3	2	1	3	3	4	2	1	5	1
30463	Current	2	4	1	3	3	1	3	3	3	4	2	1	4	5	5	6	3	3	3	2	4	2	3	2	1	6	1
30467	Current	2	4	1	3	3	1	2		2	4	3	1	4	5	5	6	2	4	3	2	4	2	4	2	1	5	2
30471	Current	2	4	1	3	3	1	2	2	3	4	2	2	4	5	5	6	1	3	3	2	3	2	3	2	3	6	2
30487	Current	2		2	3	3	3	3	3		1	2	1	1	1	2	3	1	2	2	2	3	3	3		3	5	2
30488	Current	1	3	1	3	3	1	1	2	3	4	2	3	4	1	3	6	1	3	2	2	3	2	3	2	1	5	2
30508	Current	3	4	1	3	3	3	3	3	3	4	3	1	3	1	4	3	3	3	3	2	4	3	4	2	3	5	1
30509	Current	2	4	1	3	3	3	3	3	3	3	3	2	4	5	5	6	1	3	2	1	3	3	2	1	3	6	1
30515	Current	1	4	1	3	3	1	1	2	2	4	2	3	3	1	4	5	2	3	2	1	3	2	3	2	1	4	2
30551	Current	3	3	1	3	3	1	2	3	3	4	2	2	4	5	5	6	3	4	4	1	4	2	4	2	1	5	1
30552	Current	1	4	1	1	1	3	1	1	3	4	3	3	4	1	5	6	1	3	3	2	3	2	3	2	2	4	1
30553	Current	2	1	1	3	3	3	3	3	3	3	2	2	4	5	2	3	2	3	2	1	3	3	2	2	1	6	1
30556	Current	3	4	1	3	3	1	3	3	1	4	3	3	4	1	5	6	3	3	2	2	3	2	3	2	2	4	2
30558	Current	2	3	1	3	3	1	2	2	3	3	3	2	2	1	1	6	2	2	2	2	3	2	4	2	3	4	2
30559	Current	2	3	1	3	3	3	2	2	3	4	3	2	4	5	4	6	2	3	2	1	3	2	3	1	1	3	2
30560	Current	2	3	1	1	1	1	1	1	1	4	4	1	4	1	5	6	1	1	2	2	3	3	1	2	1	4	2
30561	Current	1	3	1	3	3	2	2	2	3	4	3	2	3	1	3	5	2	2	3	2	4	3	4	2	1	4	2
30562	Current	3	3	1	3	3	2	2	2	3	4	3	3	4	3	5	4	1	3	2	2		2	3	2	1	4	2
30574	Current	3	4	1	3	3	3	3	3	2	4	3	2	4	2	4	6	3	3	3	2	4	3	4	2	1	4	2
30575	Current	2	3	1	3	3	3	3	3	2	4	3	3	4	5	5	3	3	3	2	2	4	2	4	2	1	3	2
30576	Current	1	2	2	1	2	3	2	2	2	4	2	1	3	1	2	6	1	3	2	2	3	1	3	2	3	4	2
30577	Current	3	4	1	3	3	1	3	2	2	4	3	2	4	1	4	6	2	3	2	2	2	2	3	2	3	4	2
30578	Current	1	2	1	3	3	2	3	3	1	4	3	2	4	1	1	2	2	3	2	2	4	3	3	2	1	4	2
30589	Current	2	4	1	3	3	1	3	3	3	4	3	2	2	5	2	6	1	4	2	2	3	3	3	2	2	6	1
30591	Current	2	3	1	1	2	1	3	3	3	3	3	2	2	5	5	4	2	3	2	2	2	2	3	2	1	5	1
30592	Current	1	3	1	3	3	2	3	3	3	3	3	2	2	1	5	4	1	3	2	2	4	2	2	2	3	6	1
30596	Current	2	3	2	3	3	3	3	3	2	3	3	2	3	2	3			3	2	2	3	2	4	2	1	5	2
30597	Current	2	3	1	3	3	3	3	3	2	4	2	3	4	1	4	6	3	3	2	2	3	3	3	2	1	5	2
30607	Current	2	4	1	3	3	3	3	3	3	3	3	3	3	5	5	6	2	2	2	1	2	1	2	2	1	5	1
30609	Current	4	4	1	3	3	1	2	2	2	4	3	4	1	5	5	6	3	4	2	1	3	3	4	2	1	5	1
30615	Current	2	3	1	3	3	2	2	2	2	4	3	3	4	3	4	4	2	3	2	2	2	2	2	2	1	5	2
30616	Current	2	3	1	3	2	1	2	2	3	4	3	1	4	5	3	5	2	3	3	1	4	3	3	2	1	6	2
30620	Current	1	3	1	3	3	3	3	3	3	1	2	1	4	1	4	6	2	4	3	2	3	2	3	2	1	3	1
30622	Current	2	4	2	1	3	1	3	2	2	4	3	2	4	5	5		1	2	2	1	1	1	2	2	3	5	1
30631	Current	2	3	2	1	1	1	3	3	1	4	3	2	4	5	5	6	2	1	3	2	4	3	1	2	1	5	2
30632	Current	2	4	1	1	1	1	3	2	3	4	2	2	4	2	5	5	2	3	2	2	4	2	2	2	1	4	2
30636	Current	3	3	2	3	3	1	2	2	2	4	4	1	4	2	3	6	2	3	2	1	3	2	3	2	3	5	2
30639	Current	2	3	1	3	3	1	3	3	3	4	2	2	4	5	5	4	3	4	2	2	2	3	4	2	1	5	1
30640	Current	3	3	1	3	3	3	3	3	3	4	3	3	3	2	5	6	2	4	2	1	2	2	2	2	1	5	1
30641	Current	3	4	2	3	3	1	3	3	3	4	3	3	4	5	5	6	2	3	2	2	4	2	3	2	1	5	1
30648	Current	3	4	2	3	3	1	2	2	3	4	3	3	4	4	4	6	1	2	2	2	2	1	2	2	1	3	1
30649	Current	2		1	1	1	2	2	2	3	2	4	4	3	5	2	3	2	2	2	2	2	1	1	1	2	3	1
30650	Current	4	3	1	3	3	1	3	3	3	4	3	1	4	3	3	6	1	3	2	1	3		2	2	1	3	1
30651	Current	2	3	1	1	2	1	2	2	3	3	3	3	3	5	5	6	2	3	2	2	4	2	4	2	1	3	1
30655	Current	1	2	1	2	2	2	1	2	3	4	3	1	4	1	3	4	2	3	3	2	3	2	3	2	1	5	2
30660	Current	3	3	1	3	3	3	3	3	3	4	3	1	4	1	1	6	3	4	3	1	3	2	4	2	1	5	2
30661	Current	3	4	1	3	3	3	3	3	2	4	3	1	4	1	3	6	3	4	3	2	4	3	4	2	1	5	2
30675	Current	3	3	1	1	2	2	2	2	3	4	2	2	4	3	2	3	3	2	2	2	4	2	2	1	2	4	1
30684	Current	2	4	1	1	1	1	3	2	3	3	3	2	1	1	5	6	3	4	2	1	3	1	2	2	1	3	1
30686	Current	2	3	1	3	3	1	2	2	2	1	2	3	4	5	3	6	3	3	3	2	3	3	3	2	2	4	1
30687	Current	2	4	1	3	3	3	3	3	3	4	3	2	4	5	2	5	3	3	2	2	4	3	3	2	1	4	1
30689	Current	4	3	1	3	2	1	3	3	2	4	3	3	4	1	3	6	3	1	2	2	3		2	1	1	3	1
30690	Current	1	3	1	3	3	3	2	2	1	4	2	3	4	2	2	3	2	3	3	2	2	2	3	2	1	4	1
30701	Current	3	3	2	1	1	3			1	4	3	2	4	3	5	6	3	4	2	2	4	3	4	2	1	3	2
30708	Current	4	4	2	3	3	1	3	2	3	4	2	2	4	3	5	6	3	4	3	1	3	3	3	2	3	4	1
30709	Current	2	4	1	3	3	1	3	3	1	4	3	3	4	5	5			3	2	2	3	2	2	2	1	5	1
30713	Current	1	3	1	3	1	1	2	2	2	4	3	2	4	1	4	5	3	3	2	2	1	2	3	2	1	5	2
30714	Current	4	3	1	3	3	3	3	3	2	4	3	3	4	5	1	6	3	3	3	2	3	3	4	2	1	5	2
30719	Current	3	4	1	3	3	3	2	2	3	4	2	2	3	1	4	6	3	3	3	2	4	3	4	2	3	4	1
30720	Current	1	3	1	3	3	1	3	3	3	3	2	2	4	1	5	6	3	4	3	2	4	3	3	2	1	4	1
30721	Current	4	3	1	1	1	1	3	3	3	4	4	3	4	5	5	6	1	3	3	2	3	3	4	2	1	4	1
30723	Current	2	4	1	3	3	3	3	3	3	4	4	3	3	5	5	3	2	3	4	2	4	3	2	2	3	5	1
30728	Current	3	3	1	1	3	1	2	2	1	4	3	2	3	1	4	3	2	3	3	2	3	2	3	2	1	4	2
30729	Current	1	4	1	3	3	3	3	2	2	3	3	2	3	4	5	6	2	4	2	2	1	2	3	2	1	4	2
30730	Current	2	2	1	3	3	1	1	2	2	3	3	1	4	2	3	6			3	2	4	3	3	2	3	6	2
30731	Current	1	3	1	3	3	3	3	3	2	3	2	3	4	2	3	6	3	3	3	2	4	3	4	2	1	2	2
30732	Current	1	4		3	2		2	2	3	4	3	1	3	1	4	6	2	3		2	4	3	1	2	1	4	2
30733	Current	4	4	2	1	3	1	3	2	2	4	3	2	1	5	5	3	3	4	3	2	4	3	4	2	1	4	2
30743	Current	3	3	1	3	3	3	2	3	3	4	2	2	4	1	5	6	1	3	2	1	4	1	3	1	1	3	1
30747	Current	2	4	1	3	3	3	3	3	3	3	4	2	3	5	5	6	2	3	3	1	3	3	3	2	1	5	1
30748	Current	2	3	1	1	1	1	3	3	2	3	3	3	3	4	1	6	2	3	2	1	2	2	2	2	2	5	1
30749	Current	2	3	1	1	1	1	3	3	3	3	3	3	3	5	4	6	2	3	2	2	2	3	3	2	3	5	1
30750	Current	1	4	1	1	3	1	2	2	1	4	2	2	4	1	5	3	3	3	3	1	4	3	3	1	2	5	1
30754	Current	2	4	1	3	3	3	3	3	3	3	4	2	3	5	5	6	2	3	3	1	3	3	3	2	1	5	2
30756	Current	4	3	1	3	3	3	2	2	2	4	3	3	4	2	1	4	3	4	4	1	4	2	4	2	1	5	2
30757	Current	3	4	1	3	3	3	3	3	2	4	3	1	4	3	5	3	3	3	2	1	3	2	3	1	3	5	2
30765	Current	1	4	1	3	3	3	3	2	2	4	3	3	3	1	5	6	3	3	2	1	3	2	2	2	3	5	2
30766	Current	2	2	1	3	3	1	3	3	3	3	2	2	3	1	3	3	1	3	3	2	3	2	2	2	3	5	2
30773	Current	4	4	2	1	2	1	1	1	3	3	3	2	2	5	5	6	3	4	3	2	4	3	4	2	2	4	1
30774	Current	2	4	1	3	3	1	1	1	3	1	4	1	4	4	5	6	3	3	3	2	4	1	2	1	1	5	1
30778	Current	4	3	1	1	1	2	3	3	2	4	3	2	4	3	5	4	3	3	2	2	2	2	2	2	3	6	1
30781	Current	4	4	2	1	1	1	3	3	3	4	4	2	1	4	5	6	2	3	3	2	3	2	3	1	1	4	2
30782	Current	1	4	2	3	3	1	2	2	3	4	2	3	4	1	3	6	3	3	2	2	2	1	3	2	1	4	2
30794	Current	4	4	1	3	3	1	3	3	3	3	2	3	3	5	4	6	2	4	2	2	3	1	3	2	1	3	1
30798	Current	1	3	1	3	3	3	3	3	3	4	3	2	4	1	4	6	3	3	2	2	3	3	4	2	1	5	2
30799	Current	1	4	2	3	3	1	3	2	3	4	2	1	4	1	3	6	2	4	2	2	4	2	4	2	1	5	2
30800	Current	1	4	1	1	3	1	3	2	3	4	4	1	4	1	4	6	1	2	3	1	3	2	3	2	1	5	2
30801	Current	1	4	1	3	3	1	3	2	3	4	4	1	3	1	4	6	1	3	3	2	4	2	2	2	3	5	2
30815	Current	1	3	2	3	3	3	1	2	2	4	3	1	4	1	4	5	3	4	3	2	4	2	3	2	3	5	2
30816	Current	4	4	2	1	2	3	3	2	3	4	3	2	2	2	5	3	2	2	3	2	3	2	2	2	1	5	2
30817	Current	2	4	2	1	1	1	3	3	2	3	4	2	3	5	5	6	1	3	3	2	3	2	3	2	3	5	2
30818	Current	2	3	1	1	3	1	2	2	3	4	4	2	4	5	5	6	2	1	3	2	4	2	1	2	3	5	2
30819	Current	2	3	1	3	3	3	3	3	2	4	3	2	4	5	2	5	1	3	3	2	4	2	2	2	1	6	2
30821	Current	1	3	1	2	2	3	2	2	2	4	3	2	3	1	4			2	2	2	3	2	3	2	3	4	2
30822	Current	2	3	1	3	3	3	3	2	3	4	3	1	4	5	4	3	1	3	2	2	2	2	3	2	3	5	2
30824	Current	1	3	1	3	3	3	3	3	2	4	3	3	2	1	3	6	2	3	3	2	4		2	1	1	5	2
30825	Current	1	2	1	3	3	3	3	2	1	4	3	2	4	1	3	6	2	3	2	2	3	3	4	2	1	5	2
30826	Current	2	4	1	3	3	1	3	3	3	3	2	3	3	2	3	6	3	4	3	2	3	2	3	2	1	5	2
30827	Current	1	4	1	3	3	1	3	3	3	3	2	3	3	1	2	6	3	4	2	2	3	2	3	2	1	4	2
30828	Current	1	3	1	3	3	3	3	3	3	4	3	3	4	1	5	3	1	3	2	1	2	1	3	2	1	5	2
30829	Current	3	4	2	3	3	1	2	2	2	1	3	2	2	1	2	6	2	3	2	2	4	2	3	2	2	5	2
30830	Current	3	4	1	3	3	3	3	1	2	4	3	1	4	5	5	6	2	3	2	1	3	2	3	2	1	5	2
30847	Current	1	4	1	1	3	1	2	1	3	3	3	3	3	1	3	6	2	4	2	2	4	3	1	2	1	5	1
30848	Current	1	3	1	3	3	1	3	3	3	4	3	1	4	1	4	6	2	4	2	2	2	2	3	2	3	5	1
30849	Current	1	4	1	3	3	1	3	3	3	3	3	4	3	1	4	6	2	3	2	1	3	2	4	2	1	5	1
30852	Current	3	4	1	2	2	1	3	2	3	1	3	3	3	2	5	6	1	3	2	1	3	2	3	2	2	5	1
30853	Current	3	4	1	3	2	1	1	2	3	1	3	4	4	1	5	6	3	4	2	1	1	3	3	2	2	5	1
30854	Current		4	1	3	3	1	3	3	2	1	4	4	1	1	5	5	3	4	2	1	2	2	3	1	3	5	1
30855	Current	3	4	2	3	3	1	1	1	3	4	4		4	2	5	6	3	4	3	2	4	3	4	2	2	5	1
30878	Current	2	3	1	3	3	1	3	3	2	4	2	3	3	4	1	6	2	3	3	1	4	2	3	2	2	4	1
30880	Current	1	3	1	3	3	1	3	3	3	4	2	3	3	1	5	3	2	4	3	2	4	2	4	2	1	4	1
30882	Current	1	3	1	1	1	2	2	2	1	1	2	3	4	1	3	3	3	2	4	2	4	3	3	2	3	5	1
30886	Current	2	4	2	3	2	1	3	3	3	3		2	1	4	4	3	3	3	2		4	2	1	1	2	4	2
30888	Current	2	2	1	2	3	1	3	2	1	4	3	1	1	5	5	3	1	3	2	2	2	1	3	1	1	5	2
30899	Current	3	3	1	3	3	1	2	2	2	4	2	3	4	5	5	3	1	3	3	2	2	3	3	2	3	5	2
30900	Current	2	4	1	3	2	3	2	2	1	4	3	1	4	5	3	6	1	3	3	1	3	1	3	2	2	5	2
30901	Current	3	3	1	3	3	1	2	2	2	4	2	2	4	1	3	6	2	4	3	2	4	2	4	2	1	5	2
30912	Current	1	3	2	3	3	1	3	3	2	3	3	2	4	1	5	2	3	4	3	2	2	3	3	2	1	3	2
30913	Current	2	4	1	1	2	3	2	2	3	4	2	1	3	5	5	6	3	2	2	2	3	2	3	2	1	3	2
30914	Current	1	4	2	1	1	2	2	3	2	4	4	1	4	1	1	2	2	3	2	2	4	3	4	2	1	1	2
30920	Current	1	3	1	3	3	1	2	2	3	4	3	2	3	1	1	6	3	4	3	2	3	3	4	2	1	5	1
30921	Current	3	3	1	3	3	2	3	3	1	4	3	3	4	2	3	3	2	3	2	1	3	2	3	2	1	4	1
30922	Current	4	4	2	3	3	2	3	2	3	4	3	1	4	3	1	6	3	4	3	2	2	2	3	2	2	4	1
30924	Current	1	4	1	1	1	1	2	3	3	3	3	1	3	4	2	3	3	4	4	2	4	3	4	2	1	4	1
30925	Current	3	3	1	3	3	3	3	3	2	4	3	1	4	5	1		3	4	3	2	4	3	4	2	1	4	2
30926	Current	4	3	1	3	3	3	2	2	2	4	2	2	4	5	5	3	2	3	2	2	3	3	3	2	1	4	2
30927	Current	2	4	1	3	3	3	3	3	2	4	3	1	1	2	3	6	3	4	3	2	4	3	4	2	3	4	2
30936	Current	4	4	1	3	2	1	2	2	3	4	3	3	3	1	1	6	2	1	3	1	4	3	1	1	3	5	1
30938	Current	2	3	1	3	3	3	2	2	2	4	3	2	4	5	5	3	3	3	2	2	4	2	3	2	1	6	2
30939	Current	2	3	1	3	3	3	3	2	3	4	3	3	3	3	5	6	2	4	3	2	3	3	3	2	1	5	2
30944	Current	1	4	2	3	3	1	3	3	3	4	2	1	4	1	5	6	1	3	3	2	3	3	3	2	2	5	2
30945	Current	3	3	1	1	1	3	3	3	3	3	3	1	4	1	3	5	2	3	2	2	2	3	4	2	1	4	2
30946	Current	1	4	1	3	3	1	3	3	3	4	2	1	4	1		3		4	3	2	1	3	4	2	1	5	2
30948	Current	1	3	1	1	1	1	1	1	2	4	3	3	4	1	4	6	1	3	2	2	3	2	2	2	1	5	2
30949	Current	1	4	1	3	3	1	3	3	2	4	3	2	3	1	5	6	1	2	2	2	3	2	3	2	1	5	2
30950	Current	1	4	1	3	3	1	3	3	2	4	3	2	3	1	5	6	1	2	2	1	3	2	3	2	1	5	2
30977	Current	1	4	1	3	3	1	3	3	2	4	3	2	4	1	4	6	1	3	2	1	3	2	3	2	1	5	1
30981	Current	2	3		1	2	2	3	3	3	4	3	2	3	5	4	3		3		1	2	1	2	1	1	1	1
30988	Current	1	4	1	3	2	1	3	2	2	4	3	3	4	1	5	6	3	3	2	2	4	2	3	2	3	4	2
30989	Current	2	4	2	1	3	1	1	2	2	3	3	2	3	5	5	6	3	3		2	3	3	4	2	1	4	2
30990	Current	4	3	1	1	1	1	1	2	3	4	3	3	3	5	5	4	1	2		1	2	3	2	1	1	4	2
30992	Current	3	4	1	1	2	1	2	2	2	4	3	3	4	1	4	6	1	2	2	2	2	3	4	2	1	4	2
30994	Current	3	3	1	3	3	2	3	2	3	4	2	2	3	2	5	4	2	3	2	2	2	2	3	2	1	6	1
30996	Current	3	4	1	1	3	1	1	2	3	4	3	3	2	2	3	6	2	3	3	2	2	1	3	2	1	3	1
30997	Current	2	4	1	3	2	1	3	3	3	3	3	3	4	5	5	6	2	4	3	1	4	3	4	2	1	4	1
31002	Current	3	1	1	3	3	3	3	3	2	4	4	1	4	1	5	6	1	1	2	2	2	1	1	2	1	5	1
31003	Current	3	4	1	3	3	1	3	3	2	4	2	2	3	5	2			3	3	2	3	2	3	2	3	5	1
31008	Current	2	4	2	3	3	3	3	3	3	4	3	2	3	5	2	6	3	3	3	2	4	3	4	2	1	5	2
31014	Current	2	3	2	1	3	3	3	3	3	3	4	3	1	5	1	6	3	4	3	2	3	3	4		2	5	1
31016	Current	4	4	2	3	1	1	3	2	2	4	2	2	3	5	4	6	3	4	2	2	4	2	4	2	3	3	1
31037	Current		4	1	3	3	1	1	1	3	1	4	4	1	5	5	6	3	4	2	2	2	3	4	1	2	5	1
31042	Current	1	4		3	3	3	3	3	3	3	2	2	3	1	4	6	2	3	3	1	3	2	3	2	3	5	2
31043	Current	2	4	1	3	3	3	3	3	3	4	3	2	4	5	5	5	2	3	3	2	3	2	3	2	1	5	2
31052	Current	2	3	1	3	3	1	3	3	3	4	2	1	4	1	5	6	2	3	3	2	3	3	3	2	1	5	1
31058	Current	2	3	1	3	3	3	1	2	3	4	4	3	3	5	5	3	3	3	2	2	3	1	2	1	3	4	2
31059	Current	4	4	1	3	3	3	3	3	3	3	2	3	3	2	2	3	2	3	3	2	4	1	3	2	1	4	2
31066	Current	4	4	1	1	1	1	3	2	3	3	4	3	3	5	5	6	2	3	2	2	3		1	2	3	5	1
31067	Current	2	3	1	1	1	1	1	2	2	4	3	4	3	5	5	4	1	4	3	1	2	1	4	2	1	5	1
31070	Current	3	3	1	3	3	1	3	3	2	4	3	3	3	5	5	6	3	2	2	2	2	1	4	1	1	4	1
31078	Current	1	4	1	3	3	3	3	3	1	4	4	1	4	1	3		3	2	2	1	2	1	3	2	2	1	2
31079	Current	3	3	1	3	3	3	2	2	2	4	3	2	4	1	4	4	1	3	2	2	3	2	3	2	1	5	2
31080	Current	4	3	1	3	3	3	2	2	3	4	3	2	4	5	4	6	2	3	2	2	3	2	3	2	1	6	2
31081	Current	4	4	1	3	3	3	3	3	2	4	3	1	4	5	5	6	3	4	4	2	3	1	4	2	1		2
31082	Current	3	4	1	3	3	1	3	3	3	4		2	3	4	5	6	3	4	2	2	4	2	4	2	2	5	2
31087	Current	2	3	1	1	1	1	1	2	2	3	2	2	3	5	5	4	2	4	2	2	3	1	2	2	1	5	1
31091	Current	2	3	1	3	3	3	3	3	2	3	4	1	2	5	4	6	2	4	2	2	4	2	4	2	3	4	2
31092	Current	2	4	2	3	3	1	1	2	2	4	4	1	1	5	5	6	2	1	3	2	3	2	1	2	2	2	2
31093	Current	3	3	1	3	3	3	3	2	3	4	3	2	3	1	5	6	1	3	3	2	3	2	3	2	1	4	2
31094	Current	1	3	1	3	1	2	3	2	2	4	3	1	3	1	1	6	1	3	2	1	2	3	4	2	1	4	2
31095	Current	2	3	1	3	3	1	2	2	3	4	3	2	4	5	5	6	2	2	3	1	3	1	4	2	1	4	2
31096	Current	3	3	2	3	3	3	3	3	2	4	4	2	4	1	5	6	3	3	3	2	4	1	1	2	1	4	2
31101	Current	2	3	1	3	3	3	3	3	2	4	2	1	4	1	4	2	1	3	2	2	3	3	3	2	1	3	1
31102	Current	2	4	1	3	3	1	3	3	2	4	4	4	3	5	5	6	2	3	2	2	4	2	4	2	1	5	1
31105	Current	3	4	1	3	2	1	2	2	3	4	2	1	4	1	4	2	2	4	2	2	3	3	3	2	2	5	1
31106	Current	2	4	1	3	3	1	2	2	3	4	3	1	4	5	3	6	2	3	2	1	2	3	3	2	3	5	1
31107	Current	4	3	1	3	2	1	3	2	3	4	3	1	4	5	5	2	2	4	2	1	4	2	2	2	1	5	1
31113	Current	4	4	1	1	3	1	1	1		4	3	3	4	3	5	6	1	2	3	2	4	2	2	2	1	3	2
31115	Current	3	4	1	1	1	1	3	2	3	4	4	2	4	4	5	6	3	4	4	2	2	2	4	2	2	5	2
31116	Current	2	4	1	3	2	1	2	2	1	4	3	3	4	5	5	6	1	3	3	1	2	2	3	2	1	5	2
31117	Current	2	4	1	1	1	1	3	2	3	4	4	2	3	5	1	6	3	3	2	2	4	3	3	2	1	5	2
31120	Current	2	4	1	3	3	3	3	3	1	4	3	2	4	3	5	6	3	2	2	2	3	3	4	2	3	5	1
31121	Current	2	4	1	3	3	1	3	3	3	1	3	2	3	3	4	4	2	3	2	1	2	1	2	1	1	6	1
31122	Current	2	4	1	1	1	2	2	2	2	4	4	1	4	1	5	4	3	2	3	2	2	1	4	2	1	5	1
31124	Current	2	4	2	1	1	2	2	2	3	4	4	3	3	5	5	6	2	4	2	1	4	2	4	1	1	4	1
31125	Current	1	4	1	3	3	3	2	2	3	4	2	1	4	1	1	6	3	4	2	2	2	1	4	2	1	4	1
31126	Current	4	4	2	3	3	1	1	2	3	4	3	2	4	5	5	6	3	3	2	1	3	1	3	1	1	4	1
31127	Current	1	3	2	3	3	3	2	2	3	4	2	1	4	1	1	3	2	3	3	2	4	1	3	2	2	4	1
31129	Current	2	4	1	1	1	2	2	2	2	3	4	3	4	5	5	4	1	3	2	2	3	2	4	2	1	4	2
31130	Current	3	3	1	3	3	2	2	3	2	3	3	1	4	5	5	4	2	3	2	2	3	2	3	2	1	5	2
31132	Current	4	4	1	3	3	3	3	3	2	4	3	1	1	5	5	6	1	2	2	1	2	1	2	2	2	6	1
31134	Current	3	4	1	3	3	3	3	3	2	4	4	2	4	3	5	2	1	3	2	2	4	2	3	2	1	6	2
31135	Current	1	1	1	2	1	1	2	2	2	4	4	3	4	5	4	5	2	2	2	1	2	2	2	1	1	6	2
31137	Current	2	4	1	3	2	2	2	2	2	4	2	2	3	5	5	4	2	3	2	2	3	2	2	2	3	4	1
31138	Current	2	4	1	2	2	2	2	2	3	4	4	3	4	5	5	3	1	3	2	2	2		2	2	1	4	1
31140	Current	4	4	1	2	2	1	3	1	3	4	3	2	4	5	5	6	3	4	3	2	4	3	4	2	1	4	1
31142	Current	2	4	1	3	3	2	2	2	2	4	3	3	3	5	1	6	3	4	2	2	2	3	3	2	3	4	2
31145	Current	2	3	1	3	1	1	3	1	2	4	3	2	3	5	3	6	3	4	2	1	3	3	2		2	5	1
31154	Current	3	4	1	3	3	3	2	2	1	4	3	1	4	1	5	5	2	3	2	2	3	2	3	2	3	5	2
31160	Current	1	3	1	3	3	3	2	2	2	1	2	2	3	2	3	4	2	4	2	1	3	2	3	1	3	5	1
31162	Current	3	3	1	1	3	3	1	1	1	2	1	1	4	5	3	2	1	3	2	2	4	2	3	2	1	5	1
31163	Current	2	3	1	1	1	1	2	3	1	4	2		4	5	2	3	1	3	2	2	4	3	3	2	1	5	1
31168	Current	1	4	1	3	3	3	3	3	2	4	3	3	4	1	2	3	3	4	3	2	3		1	2	1	5	2
31169	Current	1	4	2	1	1	1	2	2	2	4	3	2	3	1	5	6	3	3	3	2	3	3	3	1	3	5	2
31171	Current	2	4	1	3	3	3	3	3	2	4	3	2	4	5	5	3	3	4	2	1	3	3	1	2	1	5	2
31173	Current	1	3	1	3	3	2	3	3	2	4	2	3	3	1	4	3	2	4	3	1	3	3	2	1	1	5	2
31174	Current	1	4	1	1	1	1	3	3	2	4	3	1	3	1	3	4	1	2	2	2	3	3	3	1	1	5	2
31175	Current	1	4	2	1	1	1	3	3		3	4	4	3	1	5	6	3	4	3	2	4	2	4	2	3	5	2
31179	Current	1	4	1	3	3	1	2	2	2	4	2	4	4	2	5	6	2	3	3	2	3	2	4	2	1	3	1
31180	Current	2	4	1	3	3	1	3	3	3	3	3			5	5	4	3	1	3	1	3	3	4		1	4	1
31192	Current	1	3	2	3	2	3	1	3	2	3	2	2	3	1	4	6	1	3	2	2	3	2	2	2	1	3	2
31198	Current	1	3	2	1	2	1	2	3	3	4	3	1	1	1	2	6	3	4	1		1		4	2	1	3	1
31199	Current	1	3	1	1	1	1	3	3	3	3	2	3	2	1	3	3	1	3	3	1	2	2	2	1	1	3	1
31203	Current	4	4	1	1	1	3	3	2	3	3	3	2	3	5	5	6	2	3	2	1	4	2	3	2	1	3	2
31204	Current	3	3	1	1	3	1	3	3	1	3	3	3	3	3	4	3	2	3	2	1	4	2	4	2	1	4	2
31205	Current	2	4	1	3	3	1	3	3	2	4	3	3	2	5	5	3	2	3	3	1	3	2	4	2	1	4	2
31206	Current	4	4	1	1	1	1	2	3	3	4	2	2	4	4	3	6	2	3	3	2	3	2	3	2	1	5	2
31207	Current	1	3	1	1	3	1	3	3	2	3	3	2	2	1	3	3	3	4	3	2	3	3	3	2	1	4	2
31209	Current	3	4	1	3	2	1	2	2	3	3	2	3	2	5	4	4	2	3	4	1	4	3	3	2	1	5	1
31210	Current	2	4	1	3	3	1	2	2	3	4	2	1	4	5	5	6	2	3	3	2	3	1	2	1	1	5	1
31211	Current	2	4	1	3	3	3	2	1	3	4	2	1	4	5	5	4	3	3	3	2	4	3	4	2	3	5	1
31212	Current	2	4	1	3	3	3	3	3	3	4	2	2	3	5	3	6	3	3	2	1	2	2	4	1	2	5	1
31213	Current	1	3	2	3	3	3	3	3	3	4	2	2	3	1	3	6	3	4	2	2	3	2	3	2	2	5	1
31221	Current	1	4	1	2	2	3	2	2		3	2	2	4	1	5	6	2	4	3	2	3	2	3	2	1	5	2
31229	Current	1	3	1	1	3	3	3	1	1	3	2	3	1	1	5	6	3	3	2	1	3	1	2	2	1	4	1
31230	Current		1	1	1	1	1	1	1	1	1	1	3	4	2	5	3	2	2	3	2	2	1	2	1	1	4	1
31231	Current		4	2	1	2	1	1	2	3	1	2	4	1	1	5	6	3	4	2	1	3	1	2	2	2	3	1
31238	Current	3	3	1	3	2	1	1	2	2	4	3	3	4	2	5	6	1	2	2	1	2	3	3	2	1	6	1
31242	Current	4	3	2	3	3	3	3	2	2	4	3	1	4	3	5	6	2	4	3	2	4	3	4	2	1	4	2
31243	Current	2	4	1	3	3	3	3	3	3	4	3	2	2	5	3	6	2	4	2	1	4	3	4	2	3	5	2
31245	Current	1	3	1	3	3	3	3	3	3	4	3	2	3	1	5	3	3	4	3	1	3	2	2	2	1	6	2
31246	Current	4	3	1	3	3	3	3	3	3	4	3	3	4	3	5	4	1	2	2	2	2	1	4	2	1	5	2
31247	Current	2	4	1	2	2	2	2	2	3	4	3	2	3	5	5	6	2	3	3	2	1	2	1	2	1	5	2
31248	Current	1	4	1	3	3	3	3	3	3	4	3	4	4	5	5	3	1	2	2	1	2	2	3	2	1	4	1
31250	Current	3	4	1	3	3	1	2	2	1	3	3	4	3	2	5	6	2	3	2	1	2	1	3	1	1	5	1
31252	Current	2	3	2	3	3	3	3	3	3	4	4	1	4	1	5	6	3	4	3	2	3	3	3	2	2	4	2
31253	Current	1	4	1	3	3	3	2	2	3	3	3	2	3	1	4	3	3	4	3	2	3	2	3	2	3	5	2
31255	Current	1	3	1	3	3	1	3	2	2	3	3	1	3	1	5	6	2	4	3	1	4	2	3	2	3	5	2
31256	Current	3	4	1	1	3	1	3	2	2	4	3	2	4	5		6	3	4	2	2	3	2	4	1	1	4	2
31266	Current	4			3	3	1	1	2	2	4	3	3	4	5	5	6	3	4	2	1	2	1	4	1	1	6	1
31267	Current	2	4	1	1	3	3	3	3	3	3		1	4	5	5	6	2	4	2	1	2	2	3	1	3	7	1
31268	Current	1	4	1	3	3	3	3	3	3	2	3	1	1	1	5	6	3	3	2	1	2	2	3	2	1	4	1
31273	Current	4	3	1	1	1	1	2	1	2	4	3	3	3	2	1	3	2	3	2	2	2	2	3	2	1	4	1
31275	Current	2	3	1	2	2		1	2	2	4	3	2	4	5	5	6	2	3	3	2	3	2	3	2	1	3	2
31278	Current	3	3	2	3	3	1	3	3	3	3	2	2	3	3	2	6	3	1	1	2	2	3	1	2	1	3	2
31279	Current	2	3	1	3	1	3	2	1	2	4	4	4	3	5	5	4	2	2	2	2	3	2	2	1	1		1
31281	Current	1	1	1	1	1	2	2	2	1	1	3	2	3	1	3	4	1	3	3	2	3	1	2	2	2	4	1
31297	Current	1	4	1	1	1	1	1	3	2	4	2	2	4	3	3	6	2	3	3	2	3	2	3	2	1	5	1
31300	Current	2	3	2	3	3	1	2	2	2	1	3	3	1	5	5	6	3	4	2	1	2	1	2	1	2	4	1
31301	Current	3	4	1	1	1	1	3	2	2	1	2	1	4	5	3	6	1	2	2	2	2	1	2	2	1	5	1
31304	Current	2	4	1	3	3	3	3	1	3	3	4	3	3	5	4	6	2	4	2	2	3	1	4	2	1	5	1
31308	Current	1	4	1	3	3	2	3	3	2	4	3	2	3	1	5	6	1	2	3	2	3	2	2	2	1	4	2
31311	Current	1	3	1	3	3	1	2	2	3	4	2	2	4	1	3	6	2	3	3	2	4	3	4	2	1	3	2
31312	Current	1	4	1	3	3	1	3	2	2	4	3	2	4	1	5	6	3	3	3	2	3	2	1	1	1	5	2
31313	Current	1	3	1	3	3	3	3	3	2	4	3	1	4	1	5	6	2	4	3	2	3	3	3	2	1	4	2
31318	Current	3	3	1	2	2	2	1	1	3	4	3	2	1	3	3	4	2	2	3	1	2	1	2	2	3	4	1
31319	Current	2	3	1	1	1	1	2	2	2	4	2	4	3	5	5	4	3	1	3	2	4	2	1	2	1	3	1
31320	Current	2	4	1	3	2	1	3	2	1	4	3	1	4	5	5	6	2	2	3	1	4	2	2	1	1	3	1
31321	Current	3	4	1	3	3	1	3	2	3	4	3	2	4	1	5	6	3	3	2	2	2	3	3	2	1	4	1
31325	Current	4	3	1	3	3	3	2	2	2	4	3	1	4	5	5	6	3	4	2	1	3	2	3	2	2	5	1
31326	Current	2	4	1	3	1	3	3	3	3	3	3	2	3	2	3	6	2	3	2	2	4	3	4	2	2	5	1
31327	Current	1	4	1	3	1	3	2	2	3	4	2	2	4	1	1	4	3	4	3	2	4	3	3	2	3	5	1
31330	Current	1	4	1	1	3	3	3	3	3	4	3	1	4	1	5	4	2	3	3	1	3	2	3	2	2	5	2
31331	Current	2	3	1	3	2	3	2	2	3	4	4	2	4	1	5	6	3	3	3	2	4	2	3	2	1	5	2
31332	Current	2	4	2	1	1		1	3	3	4	3			1	5	6	3	3	3	2	3	3	3	2	3	5	2
31333	Current	1	3	2	3	2	3	2	2	2	4	4	2	4	1	5	3	2	4	2	2	3	2	3	2	1	5	2
31335	Current	3	3	1	3	3	3	2	2	2	4	3	1	4	5	5	5	1	3	3	2	3	1	3	2	1	5	2
31336	Current	3	3	1	3	3	3	2	2	2	4	3	1	4	5	5	5	2	3	3	2	3	1	2	2	1	6	2
31337	Current	3	3	1	3	1	1	3	3	2	4	3	2	4	4	3	5	2	3	2	1	2	1	3	2	1	3	1
31342	Current	3	2	1	3	3	1	2	2	2	4	2	2	4	1	4	3	1	3	2	1	3	1	3	2	3	4	2
31343	Current	1	3	1	3	3	3	3	3	2	4	3	2	3	1	4	5	3	3	3	2	3	1	3	2	3	3	2
31344	Current	2	4	1	3	3	1	3	3	2	4	3	2	1	2	5	5	3	2	2	1	3	3	3	2	3	3	2
31347	Current	1	4	1	3	3	1	3	3	3	4	4	4	3	1	5	6	2	3	3	1	3	2	2	2	2	5	1
31348	Current	1	4	1	1	1	1	3	1	2	4	3	1	4	2	5	6	2	4	2	1	3	2	3	2	1	5	1
31349	Current	2	4	1	1	1	1	2	2	2	4	4	4	4	2	4	6	1	2	2	1	2	1	2	2	1	5	1
31352	Current	2	3	1	3	3	1	3	3	3	4	3	1	4	5	5	3	2	3	3	2	3	2	3	2	3	4	2
31354	Current	2	3	1	1	3	1	2	2	2	4	3	1	4	5	5	6	2	1	2	2	1	2	3	1	1	4	2
31356	Current	1	2	1	3	3	1	2	2	2	4	2	3	4	1	2	3	2	3	3	2	3	1	3	2	3	4	2
31357	Current	4	4	2	3	3	1	1	2	2	4	3	2	1	5	2	3	3	3	3	2	2	3	3	1	3	6	2
31373	Current		4	1	1	1	1	1	1	1	1	4	4	1	5	5	6	3	4	1	1	2	1	2	1	2		1
31396	Current	2	4	1	3	3	2	2	2	2	4	3	1	3	5	5	6	3	4	3	1	3	3	4	2	3	5	2
31409	Current	2	3	1	3	3	1	2	2	2	4	3	4	4	3	5	3	3	4	4	1	3	2	3	2	1	3	1
31410	Current	4	4	2	1	2	1	1	1	1	1	4	4	3	5	2		3	2	1		4	3	4	1	1	3	1
31411	Current	4	3	1	2	2	3	2	2	3	4	3	2	4	5	3	3	2	1	2	1	4	1	4	2	1	4	1
31412	Current	4	4	1	3	3	1	2	2	3	4	2	4	2	3	5	3	3		2		4		3			4	1
31415	Current	2	3	1	3	3	3	3	3	2	4	3	3	3	5	3	4	2	2	2	2	2	2	2	2	1	4	2
31416	Current	2	4	1	3	3	1	3	3	3	3	2	2	2	5	5	3	2	2	3	2	3	1	2		1	3	2
31417	Current	2	4	1	3	3	3	3	3	2	4	3	1	3	3	5	3	3	3	2	2	3	3	4	1	1	4	2
31418	Current	1	3	1	1	1	1	3	3	2	1	2	4	1	1	5	5	2	3	2	1	2	2			2	4	1
31438	Current	2	3	1	3	3	3	3	3	2	4	2	2	4	5	5	6	3	3	3	2	2	3	4	2	2	3	2
31444	Current	3	4	1	3	2	2	2	2	2	4	3	2	3	1	2	4	3	3	3	2	4	3	3	1	3	4	1
31448	Current	2	4	1	3	3	3	3	2	2	4	3	2	4	5	2	6	2	3	2	2	3	2	3	2	3	5	2
31449	Current	4	4	1	1	3	2	2	2	2	4	3	2	4	2	5	4	1	3	2	2	3	2	4	2	1	2	2
31450	Current	3	3	1	3	3	1	2	2	3	4	2	2	3	2	4	5	2	3	3	2	4	2	3	2	1	4	2
31453	Current	2	3	1	1	1	1	1	1	2	1	3	2	4	5	5	4	1	3	2	2	4	1	3	2	3	3	1
31459	Current	3	4	1	3	2	2	3	2	3	3	2	2	4	2	2	5	2	3	2	2	3	3	3	2	1	4	2
31460	Current	1	3	1	3	3	3	3	3	3	4	3	1	4	1	1	6	2	4	4	2	3	3	4	2	2	3	2
31461	Current	3	3	1	1	1	2	1	1	3	3	4	2	4	4	3	4	1	3	3	2	3	2	3	2	1	3	2
31462	Current	2	2	1	3	3	2	3	3	2	4	2	1	4	2	3	3	2	3	3	2	4	2	3	2	3	4	2
31466	Current	2	4	2	3	3	3	2	2	2	4	2	1	4	3	2	5	3	3	3	2	3	3	4	2	1	3	2
31468	Current	3	3	1	3	3	2	3	2	1	4	3	2	4	1	5	6	1	4	3	2	3	3	3	2	3	6	1
31469	Current	3	3	1	3	1	3	1	3	2	2	1	3	2	5	5	4	3						2		2	1	1
31470	Current	4	3	1	3	1	1	3	3	2	4	3	2	4	3	4	6	3	3	3	1	2	1	2	2	3	5	1
31472	Current	2	4	1	3	3	3	1	3	2	4	4	1	1	1	2	6	2	4	2	1	2	3	4	2	1	5	2
31473	Current	3	4	2	3	3	3	3	2	3	4	3	1	4	5	2	6	3	4	3	2	3	3	4	2	2	5	2
31474	Current	2	4	1	3	3	1	1	2	2	4	3	3	3	5	5	3	3	3	3	2	3	3	3	2	2	4	1
31478	Current	3	3	1	3	3	1	3	3	3	4	3	3	2	3	2	5	2	3	2	1	2	2	2	1	1	4	1
31480	Current			1	1	3		1	1	2	4	3	3	3	3	5	2	2	3	3	2	3	2	3	2	1	4	2
31481	Current	2	2	1	1	3	3	1	1	2	4	3	1	4	5	5	6	2	1	2	1	2	3	1	2	1	4	2
31482	Current	3	3	2	3	3	2	3	3	2	3	3	3	3		4	6	2	4	3	1	3	3	3	2	3	4	2
31483	Current		3	1	3	3	1	1	2	2	4	3	3	4	1	4	6	2	3	2	1	3	2	3	2	1	4	2
31489	Current	2	3	2	3	3	2	1	2	2	4	3	4	4	2	5	4	1	4	2	2	4	3	4	1	1	5	1
31493	Current	2	4	1	1	1	1	1	2	2	1	3	3	1	5	1	6	2	2	2	2	2	1	3	2	1	4	2
31496	Current	2	3	1	3	3	1	2	3	2	4	3	3	3	5	3	6	1	2	2	1	3	2	3	2	1	3	1
31501	Current	2	3	1	1	2	2	2	2	2	4	4	4	1	5	4	3	2	2	2	2	4	1	2	2	1	4	2
31503	Current	1	3	1	1	1	1	1	1	2	4	3	1	4	1	2	6	2	3	2	2	3	1	3	2	3	2	2
31505	Current	3	4	1	3	3	1	2	3	2	4	3	2	4	1	2	6	2	3	3	1	3	2	3	2	1	5	1
31507	Current	2	4	1	3	3	1	3	3		4	4	4	4	3	5	6	3	4	3	1	4	3	3	2	2	5	1
31508	Current	4	3	2	3	3	3	3	3	3	3	2	2	3	5	2	6	2	3	2	2	4	3	4	2	1	5	1
31511	Current	2	4	1	3	3	3	3	3	3	4	4	2	4	5	5	6	2	3	3	1	2	1	2	1	1	5	1
31513	Current	2	3	1	3	3	1	3	3	2	4	3	2	4	5	2	6	3	3	2	2	3	2	3	2	2	5	1
31514	Current	3	4	1	3	3	3	2	2	2	4	4	2	3	5	5	3	1	4	4	1	3	2	3	2	2	4	2
31515	Current	2	4	1	3	3	1	2	2	1	4	4	2	3	5	5	6	2	3	3	2	3	2	3	2	1	5	2
31517	Current	1	4	2	1	1	2	3	3	3	4	3	1	4	2	5			2	3		1	3	2		3	5	2
31518	Current	3	4	2	3	3	3	3	2	2	4	3	2	4	2	2	6	3	3	3	2	3	2	3	2	3	5	2
31519	Current	3	3	1	3	3	3	1	2	2	4	3	2	4	1	4	5	3	3	3		2	1	2		3	3	1
31526	Current	4	4	1	3	3	1	3	3	2	4	3	2	4	5	5	6	3	3	3	2	3	3	3	1	1	4	2
31535	Current	1	3	1	1	1	2	1	2	3	4	3	1	4	1	2	3	3	2	3	2	3	2	2	2	1	4	1
31540	Current	2	4	1	3	3	1	3	2	2	4	3	2	3	3	4	5	3	2	2	2	2	3	3	2	1	3	2
31542	Current	1	4	1	3	3	1	3	3	2	4	3	3	3	1	3	6	2	3	3	2	3	2	3	2	1	4	2
31543	Current	1	3	1	3	3	3	2	2	3	4	3	2	3	1	3	6	3	3	3	2	3	2	3	2	1	4	2
31544	Current	3	4	2	1	1	2	2	2	2	4	3	4	3	1	5	6	3	4	2	2	2	3	3	2	3	5	2
31545	Current	1	4	1	1	3	1	3	3	2	4	4	2	4	1	5	6	3	4	2	2	3	3	3	2	1	4	1
31546	Current	4	4	2	1	3	1	3	3	2	4	4	3	4	1	5	6	3	4	2	2	3	3	3	2	1	3	1
31557	Current	1	3	1	1	1	1	3	3	3	4	2	2	4	5	4	5	2	4	2	1	2	1	3	2	2	5	1
31560	Current	1	4	2	3	3	1	2	2	3	3	3	3	3	1	5	6	2	3	3	1	3	2	3	2	3	5	2
31566	Current	2	4	1	3	3	1	3	3	3	4	3	3	4	3	5	3	3	4	3	2	3	3	4	2	1	2	1
31567	Current	2	4	1	3	3	1	3	3	3	4	3	1	3	1	5	6	3	3	2	2	2	2	3	2	2	5	1
31568	Current	4	4	2	3	3	1	3	3	2	4	3	3	3	4	5	6	3	4	2	1	2	1	2	2	2	6	1
31569	Current		3	1	3	3	3	3	3	2	3	3	3	3	1	5	6	3	3	2	2	3	3	3	2	3	5	1
31570	Current	1	3	1	3	3	3	3	3	2	3	3	3	3	1	5	6	2	3	3	1	3	3	3	2	3	5	1
31571	Current	2	4	2	3	3	1	3	3	3	4	3	3	4	5	4	6	3	4	2	1	2	1	2	2	2	6	1
31574	Current	1	4	1	1	1	1	1	1	2	1	4	1	4	5	5	3	1	1	2	1	2	1	2	1	1	6	2
31577	Current	4	4	1	3	3	1	3	3	2	4	3	2	4	5	4	3	2	3	3	2	3	2	3	2	1	5	2
31578	Current	1	4	1	3	3	1	2	2	3	3	3	3	4	1	3	6	2	4	3	2	4	3	4	2	1	5	2
31579	Current	2	4	1	3	3	1	2	2	2	4	3	2	4	2	3	5	2	2	2	2	3	2	3	2	1	5	2
31594	Current	3	4	1	3	3	3	2	2	3	4	4	2	4	5	5	6	3	4	2	2	2	2	2	2	2	3	1
31595	Current	3	3	1	3	3	1	3	3	3	4	2	2	4	3	5	6	2	3	3		3	3	3		1	4	1
31596	Current	4	3	1	3	3	3	3	3	3	4	3	3	4	3	5	6	2	3	3	2	3	1	3	2	3	4	1
31601	Current	2	4	1	3	3	3	3	3	2	3	3	2	4	2	5	4	3	4	3	2	3	2	3	2	2	4	2
31604	Current	2	4	1	3	3	3	3	3	2	3	3	2	4	2	5	5	3	4	3	1	3	3	3	2	1	4	2
31609	Current	3	4	1	3	3	1	3	3	3	4	3	4	4	1	3	6	3	4	3	2	3	3	4	2	1	6	1
31613	Current		4	1	3	3	1	3	2	3	3	4	3	2	1	5	6	1	3	3	1	3	2	3	2	1	6	1
31615	Current	1	4	1	1	1	1	1	1	2	1	4	1	4	5	5	3	1	1	2	1	2	1	2	1	1	6	2
31616	Current	3	3	1	3	3	1	3	3	2	4	3	1	4	1	5	6	1	3	2	2	3	1	2	2	1	4	2
31617	Current	2	4	2	3	3	1	3	3	2	4	3	1	4	5	3	6	1	3	3	1	3	2	3	2	1	5	2
31618	Current	3	3	1	3	3	1	3	3	2	4	3	3	3	1	4	6	1	4	3	2	3	3	4	2	1	2	2
31619	Current	1	3	2	3	3	3	2	2	2	3	3	2	3	1	2	6	3	3	3	2	4	3	4	2	1	5	2
31620	Current	4	4	1	3	3	3	2	2	2	3	3	2	3	3	2	4	2	3	2	1	3	1	3	2	1	6	2
31639	Current	2		1	3	3	3	3	3	3	3	3	1	1	5	3	6	3	3	2	1	3	1	2	1	1	7	1
31641	Current	3	4	1	3	3	3	3	2	2	4	3	3	4	1	5	6	3	3	2	2	3	3	3	2	2	4	2
31642	Current	2	3	1	1	1	1	3	3	3	3	3	1	2	3	5	6	1	3	2	2	2	1	3	2	1	4	2
31643	Current	2	4	1	3	3	1	1	2	2	4	2	3	3	3	5	3	2	2	2	2	4	2	2	2	3	4	2
31646	Current	2	4	1	3	3	2	3	2	3	4	3	2	4	5	3	6	3	1	3	1	4	3	1	2	1	4	2
31647	Current	1	4	1	3	3	3	3	3	3	4	3	1	4	1	5	6	1	3	2	2	3	1	3	2	1	4	2
31650	Current	2	4	2	1	1	1	1	1	2	1	4	4	1	5	5	6	3	4	2	1	2	1	2	1	2	5	1
31651	Current	2	4	2	1	1	1	1	1	2	1	4	4	1	5	5	6	3	4	2	1	2	1	2	1	2	5	1
31652	Current	1	4	2	1	1	1	1	2	2	1	4	4	1	5	5	6	3	4	2	1	2	1	1	1	2	5	1
31654	Current	2	4	2	1	1	1	1	1	2	1	4	1	1	5		6	1	2	2	1	2	3	3	1	1	1	2
31655	Current	3	3	1	3	3	1	2	2	2	4	2	2	4	1	4	6	1	3	2	2	2	3	3	2	1	5	2
31656	Current	2	4	1	2	2	1	2	2	2	4	3	1	3	5	5	6	2	4	1	2	3	2	2	2	1	5	2
31660	Current	1	4	2	3	3	1	2	2	2	4	3	3	2	2	1	4	2	1	3	2	3	2	2	2	1	2	2
31673	Current	2	4	1	3	3	1	3	3	3	4	3	1	4	3	1	6	1	2	3	2	3	3	4	2	3	5	2
31676	Current	2	4	1	3	3	1	3	3	3	4	4	1	4	4	3	4	3	4	3	1	3	3	3	1	1	2	1
31681	Current	4	4	1	1	1	1	1	1	2	4	4	3	4	1	4	6	1	3	2	2	2	3	3	1	1	4	2
31685	Current	3	3	2	1	1	1	1	1	2	4	3	1	4	3	2	6	3	3	3	2	2	2	4	2	1	4	2
31687	Current	4	4	1	1	3	1	2	2	3	3	3	3	1	5	5	6	1	2	3	1	2	1	2	2	1	3	1
31695	Current	2	3	1	1	1	1	1	1	3	3	3	3	3	5	4	6	3	2	2	2	4	3	3	2	1	3	2
31696	Current	1	3	2	1	1	1	2	2	1	2	3	2	4	5	5	6	1	2	2	2	2	3	3	2	1	2	2
31699	Current	2	4	1	1	1	1	3	3	3	4	3	2	4	5	5	6	2	3	2	1	4	3	4	2	1	5	1
31702	Current	3	4	1	3	3	3	3	3	3	4	3	1	4	2	5	5	2	1	3	2	4	2	2	2	1	4	2
31703	Current	1	2	2	3	3	3	2	2	3	4	3	1	4	2	2	6	1	3	3	2	4	2	4	2	3	5	2
31708	Current	2	4	1	3	3	3	3	3	3	4	3	2	4	5	5	6	1	3	2	1	3	2	4	2	1	5	1
31709	Current	4	4	1	3	3	3	2	2	3	4	4	3	4	1	2	4	2	3	3	2	4	3	4	2	3	5	1
31710	Current	3	4	2	3	3	3	2	3	2	4	3	2	4	2	2	3	3	2	2	2	3	2	3	2	1	5	1
31714	Current	3	3	2	3	3	3	3	3	3	4	3	2	4	2	2	3	2	3	2	1	2	2	3		1	5	2
31715	Current	1	3	1	3	3	3	3	3	3	4	3	2	3	1	2	6	1	2	3	2	4	3	2	2	1	5	2
31717	Current	1	4	2	3	3	3	3	3	2	3	2	2	4	1	2	6	1	2	3	2	3	2	3	1	1	5	2
31720	Current	1	3	1	3	3	1	2	2	2	4	2	2	3	2	5	6	1	2	2	2	2	1	3	2	1	4	1
31721	Current	4	3	1	3	3	3	3	3	3	3	3	1	2	5	5	6	3	3	2	2	2	3	3	2	2	5	1
31722	Current	2	3	1	3	3	1	2	2	2	4	3	1	4	2	2	6	2	3	2	2	3	1	3	2	1	5	1
31726	Current	1	4	1	1	1	2	3	3	3	4	4	1	3	1	5	6	2	3	3	2	3	3	3	2	1	4	2
31727	Current	1	3	1	1	1	2	2	2	3	4	3	2	4	1	5	5	1	2	2	2	4	2	2	2	1	5	2
31728	Current	2	4	1	3	3	2	3	3	3	4	3	1	3	3	5	6	2	3	3	2	3	1	4	2	1	4	2
31729	Current	2	4	1	3		3	3	3	3	4	4	1	4	2	3	6	3	4	2	2	2	1	2	2	1	5	2
31731	Current	1	4	1	3	3	1	2	2	2	4	4	2	4	1	2	6	3	2	1	1	2		2	2	2	5	1
31732	Current	4	3	1	1	1	3	3	3	3	4	3	1	4	2	1	6	1	3	2	2	2	2	3	2	3	4	1
31733	Current	3	3	1	3	2	3	2	2	3	4	3	2	4	3	5	6	1	3	2	2	3	3	3	2	1	4	1
31734	Current	2	3	1	2	1	1	2	1	2	3	3	3	4	1	2	6	3	4	2	2	4	3	4	2	1	4	1
31735	Current	3	4	2	3	3	1	2	2	2	4	3	2	4	3	5	4	2	4	4	1	3	2	4	1	1	4	1
31736	Current	1	4	1	1	1	1	3	2	2	3	3	1	3	1	5	4	1	2	3	2	3	1	3	2	1	3	2
31737	Current	1	4	2	1	1	2	1	2	2	3	3	3	4	2	3	6	1	2	2	2	3	1	3	2	1	4	2
31739	Current	1	3	2	3	3	3	3	3	2	4	3	3	2	1	5	2	2	3	3	2	3	2	3	2	3	4	2
31743	Current	3	3	2	1	3	3	2	2	3	3	2	2	1	2	3	6	2	4	3	2	3	3	4	2	1	4	2
31744	Current	1	3	2	3	3	1	3	3	2	3	3	2	3	1	5	4	1	2	3	1	3	1	3	2	1	4	2
31752	Current	3	3	2	3	3	1	3	3	2	4	3	2	3	2	2	6	2	3	2	2	2	1	4	2	1	3	2
31760	Current	4	3	1	3	3	1	3	3	2	4	3	2	4	2	2	6	2	4	3	1	3	2	3	2	1	3	2
31762	Current	2	3	1	3	3	1	3	2	2	2	3	2	3	5	5	3	1	3	3	1	3	2	3	2	1	3	2
31770	Current	1	4	1	3	3	1	3	3	3		3	1	4	1	5	6	2	4	3	1	3	1	2	2	1	5	2
31771	Current	1	4	1	3	3	2	2	2	3	4	3	1	4	1	5		3	3	2	2	3	2	3	2	1	5	2
31772	Current	2	4	1	3	3	1	2	2	2	4	4	1	4	5	5	6	3	3	2	2	2	3	4	2	1	5	2
31776	Current	4	3	1	3	3	3	3	3	3	1	2	1	4	1	5	3	3	4	4	2	4	3	3	2	1	5	1
31777	Current	4	4	1	3	3	3	3	3	2	4	3	2	4	5	5	3	2	3	2	2	3	3	3	2	1	5	1
31780	Current	1		1	1	3	1	3	3	2	4	3	1	4	1	5	6	3	4	3	1	1	3	1	2	1	5	2
31782	Current	1	4	1	1	3	1	3	2	3	4	3	2	4	1	5	5	2	3	2	1	3	2	3	2	1	4	2
31783	Current	3	3	2	3	2	3	2	2	2	4	2	3	3	1	2	6	2	3	3	2	4	3	3	2	1	5	2
31784	Current	3	4	2	3	3	1	2	2	2	4	4	3	3	1	5	6	2	3	3	2	4	3	3	2	1	5	2
31785	Current	3	4	1	1	1	1	3	2	2	4	4	3	3	5	3	6	2	4	2	2	4	2	1	2	1	5	2
31787	Current	2	4	2	3	3	1	1	2	3	3	3	1	3	5	4	4	2	3	3	2	2	3	3	1	3	5	2
31793	Current	2	1	1	1	3	1	2	1	2	4	3	1	4	2	1	6	2	3	3	2	3	2	2	1	2	5	2
31803	Current	2	4	1	3	3	3	3	3	2	4	3	3	4	5	1	4	1	2	2	2	4	3	4	2	1	5	1
31804	Current	4	3	2	3	3	3	2	2	2	4	2	3	4	5	4			1	2	2	3	3	3	2	1	4	2
31818	Current	2	4	1	3	3	1	3	3	2	4	4	1	1	5	5	6	3	1	2	2	1	1	1	1	1	2	2
31819	Current	2	1	1	3	3	2	2	2	2	4	3	1	3	5	5	4	1	2	3	2	3	3	3	1	1	3	2
31825	Current	2	4	1	3	3	1	3	3	2	4	4	1	1	5	5	6	3	1	2	2	1	1	1	1	1	2	1
31827	Current	4	2	1	1	2	1	2	1	2	3	3	3	2	5	5	6	2	3	3	2	2	1	3	2	2	4	1
31834	Current	2	3	2	1	2	1	1	2	3	4	3	1	4	4	5	6	3	4	3	2	4	3	2	1	3	5	2
31841	Current	3	3		1	1	1	2	2	3	4	3	3	4	1	4	6	1	2	2	2	3	2	2		1	4	1
31842	Current	2	4	1	1	1	1	2	2	2	3	3	3	4	5	5	6	2	4	4		3	1	1	1	1	1	1
31846	Current	4	4	1	1	1	1	2	2	2	4	3	3	4	1	5	6	2	4	2	1	3	3	2	2	1	4	2
31847	Current	4	4	1	3	3	1	3	2	3	3	3	2	3	4	5	6	3	4	2	1	3	2	3	2	1	4	2
31849	Current	3	3	1	3	3	1	3	3	3	4	3	3	4	1	3	6	2	3	3	1	3	2	3	2	1	4	2
31852	Current	3	3	1	1	1	3	3	3	3	4	3	1	3	3	3	6	2	3	3	1	3	2	3	1	1	4	2
31861	Current	4	4		1	1	2	2	3	1	1	3	4	2	2	2	3	3	4	3	2	4	3	3	2	3	5	1
31863	Current	2	3	1	3	3	1	3	2	3	3	3	3	3	5	5	6	2	3	2	2	2	1	3	1	1	5	1
31866	Current	2	4	1	1	1	1	1	2	3	4	4	1	3	1	3	4	2	3	3	2	4	2	3	2	2	4	2
31867	Current	3	4	1	3	3	1	3	3	2	4	3	1	2	5	5	3	2	4	3	2	4	3	3	2	3	6	2
31868	Current	3	4	2	3	3	1	3	3	2	4	3	2	4	2	4	3	2	3	2	2	4	3	3	2	1	4	2
31869	Current	3	4	1	3	3	1	3	3	2	3	3	2	2	1	5	6	2	3	3	2	2	1	2	2	1	5	2
31870	Current	1	4	1	1	2	1	3	3	2	3	3	4	4	1	5	4	2	3	3	2	2	2	2	2	1	5	1
31874	Current	2	4	1	1	2	2	2	2	2	4	4	1	4	5	5	3	1	3	2	2	2	1	2	2	1	5	2
31875	Current	2	3	1	3	3	2	2	2	2	4	3	2	3	5	5	4	1	2	2	2	2	1	2	2	1	6	2
31878	Current	2	3	1	3	3	3	3	3	3	3	3	2	3	5	4	3	2	3	2	1	3	1	3	2	1	5	2
31879	Current	1	3	1	3	3	1	3	3	3	4	3	1	4	1	4	5	3	3	3	2	3	3	4	2	1	5	1
31880	Current	4	3	2	3	3	1	2	2	1	4	4	1	4	5	5	3	1	4	3	1	2	3	4	1	1	5	1
31885	Current	3	4	1	1	1	1	2	2	1	4	2	4	4	1	5	4	3	4	2	2	4	3	3	2	2	5	2
31887	Current	1	3	1	1	1	3	3	1	2	4	4	1	4	1	5	3	1	2	3	2	3	3	4		1	3	1
31888	Current	3	3	1	1	1	3	3	1	2	4	4	1	4	1	5	3	1	3	2	1	4	2	4	2	3	3	1
31893	Current		2	2	1	3	1	2	2	1	4	2	1	2	2	5		2	3	2	2	2	2	1	2	1	2	2
31894	Current	1	3	1	3	3	1	3	3	2	4	3	3	4	2	5	6	2	2	2	1	3	2			1	4	2
31898	Current	2	3	1	3	3	1	3	3	3	3	3	1	2	2	3	6	3	3	2	2	4	3	4	2	2	3	1
31900	Current	4	4	2	1	3	1	1	2	3	4	3	3	4	5	5	5	3	4	2	2	3	2	2	2	3	5	2
31901	Current	1	3	2	1	1	1	2	3	3	3	2	2	4	1	4	3	2	3	3	2	4	2	4	2	3	4	2
31902	Current	2	4	1	1	1	1	1	1	2	1	3	4	1	5	5	6	1	2	2	1	3	2	2	1	1	4	2
31904	Current	2	2	1	2	2	2	1	1	2	4	3	2	2	5	4	3	3	4	3	2	3	3	4	2	3	4	2
31911	Current	2	4	1	2	1	3	1	1	2	4	1	1	4	5	1	6	3	4	4	2	2	3	3	2	1	4	2
31921	Current	2	3	1	3	3	1	3	3	2	4	3	1	4	5	3	3	3	4	2	2	3	2	4	2	3	5	2
31931	Current	1	4	2	1	1	1	2	2	2	4	2	2	4	1	4	6	2	1	3	1	3	2	1	2	3	4	1
31932	Current	1	3	2	1	1	3	3	3	3	3	2	2	2	1	4	6	3	4	3	2	2	3	1	2	1	4	1
31941	Current	2	4	1	3	3	3	3	3	1	3	3	2	2	5	1	6	1	4	2	2	4	3	4	2	1	3	2
31953	Current	3	1	1	3	3	3	3	3	2	4	4	2	4	5	5	2	2	4	2	2	3	1	3	1	2	1	1
31955	Current	2	4	1	3	3	1	3	2	3	3	4	3	3	5	3	3	1	2	3	2	1	1	2	1	1	1	2
31956	Current	3	3	1	3	3	1	2	2	3	1	4	3	3	2	5	6	1	2	3	2	2	2	2	2	3	4	2
31957	Current	2	3	1	3	3	1	3	2	3	4	4	3	3	5	5	5	1	4	2	2	4	1	1	2	1	4	2
31958	Current	4	4	2	3	3		3	2	3	4	4	2	4	5	1	6	3	3	2	2	4	2	3	2	3	4	2
31959	Current	3	4	2	1	2	1	2	2	3	4	4	1	3	5	5	6	1	3	3	2	2	1	2	2	1	4	2
31961	Current	2	3	1	1	3	3	3	3	2	4	3	3	2	5	5	4	3	3	2	2	3	1	3	2	3	3	2
31962	Current	3	3	2	3	2	1	2	2	3	4	3	2	4	1	5	6	1	3	2	2	3	2	1	2	1	4	2
31979	Current	2	4	1	3	3	1	2	2	2	4	2	3	4	4	2	4	3	4	2	2	4	3	4	2	3	5	1
31981	Current	1	4	1	3	3	3	2	3	2	4	3	1	1	1	4	6	2	4	2	1	2	2	3	1	1	6	1
31982	Current	4	3	1	1	1	3	2	2	2	4	3	3	4	2	3	3	1	4	2	2	3	2	4	2	1	5	1
31984	Current		4	1	3	3	3	2	2	3	4	3	3	4	1	3	3	2	3	2	2	2	2	3	2	2	5	1
31986	Current	2	3	2	3	3	1	3	3	2	4	3	2	3	5	3	6	3	4	2	2	3	3	3	2	2	6	2
31987	Current	2	3	1	3	3	3	2	2	2	3	3	2	3	3	2	6	2	3	2	2	3	2	3	2	1	4	2
31989	Current	4	3	1	3	3	3	3	2	3	4	3	1	4	1	1	3	3	3	3	1	4	2	3	2	1	5	2
31993	Current	3	4	2	2	2	3	3	1	2	3	3	2	4	1	3	6	3	4	2	1	4		2	2	1	4	1
31996	Current	2	4	1	3	3	3	3	2	2	1	3	2	4	1	3	6	1	1	3	1	2	1	3	2	1	3	1
32001	Current	1	3	1	2	1	1	2	2	1	3	3	2	4	1	3	4	2	3	3	1	4	1	4	2	1	4	1
32007	Current	1	3	1	3	3	3	2	2	2	4	2	3	4	1	2	4	2	3	3	2	4	2	3	2	1	4	2
32008	Current	3	4	1	3	3	1	1	3	2	4	3	3	3	2	1	4	2	3	3	2	4	3	3	2	1	4	2
32010	Current	2	4	1	3	3	1	3	3	2	4	3	2	4	3	4	6	2	2	3	2	4	3	3	2	1	4	2
32011	Current	4	3	1	3	3	2	3	3	2	4	2	1	3	5	2	3	2	1	3	2	3	3	1	2	3	3	2
32013	Current	2	3	2	3	3	3	2	2	2	4	3	3	4	5	4	5	2	3	2	2	3	3	4	2	1	3	2
32014	Current	1	4	1	3	3	3	3	3	2	4	2	4	4	1	3	6	1	4	3	1	2	2	2	1	1	6	1
32017	Current	2	4	2	3	3	1	1	2	3	4	3	3	4	5	1	6	3	4	4	2	4	2	3	2	1	6	2
32018	Current	2	4	1	3	3	3	2	2	3	1	2	1	4	3	4	6	1	2	3	2	4	2	4	2	1	5	2
32019	Current	2	3	2	3	3	1	3	3	2	3	3	3	1	5	5	6	2	4	3	2	4	2	4	2	1	5	2
32025	Current	4	4	1	3	3	1	2	2	3	4	4	3	3	4	5	4	2	3	2	2	2	2	3	1	1	6	1
32026	Current	2	3	1	3	3	3	3	3	2	4	2	1	4	3	4	6	1	2	3	2	4	1	1	2	1	6	1
32028	Current	2	3	1	1	1	3	1	1	3	4	3	2	3	5	5	4	2	2	3	1	4	3	2		2	5	2
32029	Current	1	3	1	1	2	1	1	2	2	4	3	4	4	4	5	3	2	1	2	2	4	2	4	2	3	5	2
32032	Current	3	4	1	1	1	3	3	3	3	3	2	3	3	1	2	6	3	3	3	2	3	3	4	2	1	3	1
32035	Current	2	3	1	1	1	1	2	1	3	3	2	2	3	2	5		1	2	2	1	2	2	3	1	1	1	1
32039	Current	4	2	1	1	3	1	3	3	2	4	2	1	4	5	3	4	2	2	2	2	3	3	2	2	1	3	1
32041	Current	2	3	1	1	1	1	2	2	1	4	2	3	2	5	2	4	2	3	2	2	2	3	3	2	1	3	2
32059	Current	1	3	1	3	3	1	3	2	3	4	2	3	3	2	5	3	2	3	3	1	4	3	2	2	3	5	1
32069	Current	4	3	1	3	3	1	2	2	3	4	3	1	4	3	1	6	2	3	2	2	3	2	3	2	3	6	2
32070	Current	1	3	1	1	1	1	3	3	2	4	3	3	4	1	2	6	1	4	2	2	3	2	3	2	1	5	2
32077	Current	2	3	1	2	2	2	2	2	2	4	2	3	4	5	4	6	1	3	2	2	3	3	3	2	3	3	1
32085	Current	3	3	1	3	3	2	2	2	2	4	3	2	3	2	2	6	3	4	2	1	4	2	3	2	1	3	2
32086	Current	2	3	1	3	3	1	2	2	2	4	3	1	4	5	5	4	2	4	3	1	4	2	3	2	2	3	2
32087	Current	1	3	1	3	3	2	2	2	2	4	2	1	3	1	4	4	1	2	2	2	4	2	3	2	3	3	2
32094	Current	3	3	1	3	3	3	2	2	3	4	3	3	3	5	5	4	3	4	2	2	2	3	3	2	1	4	1
32095	Current	2	4	2	3	3	3	3	2		3	3	2	3	5	3	3	3	3	3	1	3	2	3	2	1	5	1
32097	Current	1	4	1	2	2	1	2	2	1	4	3	1	4	1	4	4	3	4	3	2	4	3	4	2	1	5	1
32098	Current	2	3	1	3	3	1	2	2	3	3	3	2	4	5	3	6	2	3	3	1	2	2	3		1	5	1
32101	Current	4	4	1	3	3	1	2	2	3	4	3	4	4	2	4	6	1	3	2	2	3	1	2	2	1	5	1
32102	Current	1	3	1	2	2	1	2	2	2	4	3	2	4	1	2	3	2	3	3	2	3	3	3		1	5	1
32114	Current	2	3	1	3	3	1	3	3	2	4	3	1	4	3		5	2	3	3	2	4	3	4	1	1	4	1
32123	Current	4	2	1	3	3	2	2	2	2	4	3	1	1	2	4	4	1	4	3		3	1	3	1	1	4	2
32129	Current	1	4	1	1	1	1	3	2	3	4	3	2	4	2	2	6	3	3	3	2	4	2	4	2	1	5	2
32130	Current	4	4	1	1	1	1	1	2	2	4	3	2	1	2	5	6	3	3	2	2	4	3	1	2	1	5	2
32134	Current	4	3	1	3	2	1	2	2	2	4	3	1	4	1	2	6	1	1	3	2	3	1	3	2	1	4	1
32135	Current	4	4	1	3	3	3	2	2	3	4	3	2	4	5	1	6	3	3	3	2	2	3	4	2	2	4	1
32139	Current	1	4	1	1	1	1	3	3	3	3	3	3	4	2	5	6	2	2	2	1	2	2	3	1	3	3	2
32140	Current	2	4	1	1	1	1	1	3	2	4	4	1	4	5	5	6	3	4	3	1	2	3	4	2	1	4	2
32141	Current	2	4	1	1	1	3	3	3	3	3	4	3	1	5	3	6	3	4	3	2	4	2	3	1	3	4	2
32147	Current	1	3	2	3	3	3	3	3	3	4	2	3	4	1	5	3	1	3	3	2	3	2	3	2	1	6	1
32148	Current	2	4	1	3	3	3	3	3	2	3	4	2	3	5	3	6	2	1	2	2	2	2	3	2	3	5	1
32151	Current	2	3	1	3	3	1	2	2	2	4	3	2	4	2	2	5	1	3	2	2	3	1	3	2	1	5	2
32153	Current	4	4	2	3	3	1	3	3	2	4	3	2	3	2	5	6	3	4	2	2	4	3	4	2	1	5	2
32154	Current	2	4	1	3	3	1	2	2	2	4	3	3	3	5	5	5	2	4	2	2	3	2	3	2	1	5	2
32156	Current	3	4	1	3	2	1	2	2	1	4	3	1	4	3	5	6	2	3	2	1	1	3	3	2	1	3	1
32157	Current	3	3	1	3	3	3	3	3	2	4	3	1	4	2	1	6	3	3	2	2	2	1	4	2	2	4	1
32158	Current	2	3	1	1	1	1	1	1	3	4	3	4	4	5	4	6	3	4	2	1	2	1	4	1	2	4	1
32165	Current	2	4	1	3	3	1	2	2	3	4	3	2	4	5	4	6	2	3	2	2	4	1	3	1	3	5	2
32174	Current	2	1	1	1	2	2	1	2	3	4	3	3	4	3	4	4	2	2	3	2	4	1	2	2	2	6	2
32179	Current	1	3	1	3	3	3	3	2	3	4	2	3	4	5	3	3	2	2	2	2	3	2	2	2	1	4	1
32180	Current	1	1	2	1	3	2	1	2	2	3	2	3	3	1	2	6	1	3	2	2	4	3	3	2	1	4	1
32183	Current	2	4	2	3	3	1	3	3	3	3	3	2	3	1	5	6	3	3	2	1	2	3	3	2	1	4	2
32217	Current	1	4	1	3	3	1	2	2	3	2	3	2	3	3	4	6	2	3	2	2	4	2	3	2	1	4	1
32218	Current	1	4	2	3	2	3	3	3	3	3	3	1	3	1	2	2	1	1	2	2	1	3	3	2	1	1	1
32219	Current	2	3	1	1	3	1	3	2	3	4	2	3	4	5	5	5	3	4	3	2	4	3	4	2	1	4	2
32220	Current	1	4	1	3	3	1	2	2	3	4	3	1	4	1	4	6	2	3	3	2	4	3	4	2	1	3	2
32226	Current	2	4	1	3	3	3	3	3	2	4	3	1	2	5	5	4	3	3	3	1	2	2	3	2	1	5	1
32227	Current	1	3	1	3	2	3	3	3	2	4	3	4	4	1	4	6	3	3	3	1	4	3	4	2	3	4	1
32228	Current	1	4	1	3	3	1	2	2	3	4	3	2	1	1	3	5	3	3	3	2	4	3	4	2	1	5	1
32229	Current	1	4	1	2	2	1	3	3	3	3	3	1	4	1	4	6	3	2	2	2	3	1	3	2	1	5	1
32231	Current	1	4	2	3	3	1	3	3	1	4	3	1	3	2	5	6	2	4	3	1	4	3	3	2	1	5	2
32233	Current	4	3	1	1	2	1	1	2	2	3	3	2	2	5	2	6	2	1	3	2	4	3	1	2	2	5	2
32234	Current	2	3	1	1	2	1	2	2	3	4	3	2	2	1	2	3	3	4	2	2	3	2	2	2	1	5	2
32235	Current	2	3	2	3	3	1	3	3	1	4	2	2	3	5	5			3	3	1	2	1	2	1	1	4	2
32240	Current	3	3	1	2	1	1	2	1	1	4	2	1	4	1	2	4	2	2	3	2	3	1	2	2	1	4	1
32250	Current	1	3	1	3	3	3	3	3	3	4	2	2	4	1	4	3	3	3	3	2	2	2	2	2	1	5	1
32254	Current	2	4	2	1	1	1	1	1	3	1	3	4	4	5	4	6	1	2	2	1	2	2	1	1	1	4	1
32256	Current	1	4	1	1	1	3	2	2	3	4	2	1	3	1	3	6	1	4	3	1	2	1	2	1	2	4	1
32260	Current	1	4	1	3	3	3	2	2	3	4	2	2	3	1	1	4	2	2	3	1	2	3	3	2	1	4	1
32264	Current	2	3	2	3	3	3	3	3	3	4	2	3	4	2	5	6	1	3	2	2	2	1	3	1	3	4	1
32265	Current	4	4	2	3	2	2	2	2	2	4	3	4	4	5	5	6	1	3	2	2	3	1	3	2	2	4	1
32266	Current	3	4	1	1	2	1	1	1	2	1	4	2	1	5	5	6	3	2	2	1	2	1	2	1	2	5	1
32267	Current	3	4	1	3	3	3	3	3	3	3	3	2	3	2	5	3	3	4	3	1	3	2	3	2	1	3	1
32271	Current	2	3	1	1	1	1	1	1	1	3	4	2	3	3	2	6	1	3	2	1	2	3	3	2	1	5	2
32274	Current	1	3	1	3	3	3	3	2	3	4	3	2	4	1	5	4	2	3	2	1	2	2	3	2	1	6	1
32276	Current	2	4	1	3	3	3	3	3	2	3	3	2	3	5	5	6	1	3	2	1	3	2	3	2	1	5	1
32277	Current		4	1	3	3	1	3	3	2	4	3	3	4	1	4	4	2	3	3	2	2	3	3	2	1	5	1
32282	Current	2	3	2	3	1	1	2	2	2	4	3	3	3	5	4	3	2	2	3	1	3	3	1	1	1	5	2
32283	Current	1	3	1	3	3	1	2	2	2	4	3	2	3	1	5	6	2	3	2	2	4	2	3	2	1	4	2
32284	Current	1	3	1	3	3	3	3	2	3	4	2	2	3	1	2	4	2	3	2	2	4	3	3	2	1	5	2
32285	Current	3	3	1	3	3	2	3	2	3	3	3	3	3	1	5	6	2	3	3	2	3	3	2	1	3	6	2
32286	Current	2	3	1	3	3	2	3	2	2	4	3	2	3	5	5	3	2	1	3	2	4	2	1	2	2	5	2
32292	Current	4	2	2	1	1	2	3	3	3	4	2	1	4	5	2	3	2	4	2	2	4	3	4	2	1	3	2
32300	Current	1	4	1	3	3	1	2	2	1	4	3	1	4	2	5	6	2	3	3	1	3	2	3	2	1	3	2
32301	Current	4	3	1	3	3	3	2	2	2	4	3	2	4	2	5	4	3	3	3	2	3	3	3	2	1	5	2
32302	Current	1	3	1	3	3	3	2	2	3	4	3	3	4	1	3	6	2	3	3	2	3	3	4	2	3	5	2
32306	Current	1	3	1	3	3	3	3	3	2	3	3	2	2	1	1	4	1	3	2	2	4	2	3	2	1	5	1
32307	Current	4	4	1	1	1	1	1	1	2	4	3	3	4	1	4	6	1	3	2	2	3	3	3	2	1	6	1
32308	Current	2	4		3	3	3	3	3	2	4	3	2	2	1	1	4	1	3	2	2	4	2	3	2	1	5	1
32310	Current	1	4	1	3	3	3	2	2	2	4	4	2	4	1	5	6	2	3	3	2	3	2	2	2	1	5	2
32311	Current	3	3	2	3	3	3	3	2		4	3	1	4	3	2	3	2	4	3	2	2	1	2	2	3	3	2
32313	Current	1	3	1	3	3	1	2	2	2	4	3	2	4	1	3	4	2	3	2	2	4	3	4	2	3	5	2
32314	Current	1	4	2	3	3	1	3	2	2	4	4	1	4	1	4	6	1	3	3	2	4	2	4	2	1	5	2
32315	Current	2	4	1	3	3	3	3	3	2	4	4	2	3	2	5	3	2	4	3	2	3	3	2	2	2	5	2
32322	Current	3	4	1	1	1	1	2	1	2	4	1	1	4	2	2	4	3	2	3	2	3	2	3	2	1	1	2
32325	Current	2	3	1	1	1	1	1	1	3	1	4	1	1	5	5	6	3	2	3	2	3	3	1	2	3	4	1
